0
57
82
88
50
72
99
48
29
12
3
89
49
25
90
30
40
88
53
63
3
50
83
74
82
63
68
78
77
49
34
87
70
35
55
69
72
96
69
15
19
58
69
52
15
95
24
50
16
87
9
79
47
46
99
9
2
89
46
53
13
5
13
5
44
0
55
87
83
70
16
55
50
88
44
41
43
3
14
27
57
31
63
42
41
18
17
38
68
57
91
17
97
94
43
74
43
45
95
56
46
41
19
18
66
10
7
65
0
38
93
36
5
65
86
36
26
6
21
17
2
39
6
22
60
64
72
85
29
81
62
34
2
91
21
14
87
90
91
19
22
96
97
91
3
72
90
7
22
50
11
63
91
60
11
31
83
31
16
60
27
53
41
61
90
90
43
98
5
61
63
92
67
61
41
19
27
13
39
20
24
30
58
2
99
59
59
45
14
27
98
11
22
48
98
2
47
27
69
42
48
25
7
12
84
33
23
57
61
19
42
82
53
97
79
12
70
21
72
88
63
16
72
60
88
74
39
73
33
90
86
98
44
49
95
86
95
32
77
11
69
71
90
47
20
89
42
64
80
53
64
47
9
82
28
4
83
64
63
10
35
95
0
83
61
94
44
47
84
49
76
79
95
64
52
36
78
8
3
14
38
39
35
95
94
64
79
92
81
41
23
92
69
90
93
11
79
31
21
95
50
90
76
83
59
42
14
85
14
80
46
78
22
88
91
95
26
48
76
35
24
33
58
48
28
99
18
52
42
5
30
38
22
89
92
77
93
70
6
1
85
15
18
12
77
59
58
48
71
32
61
5
58
5
28
1
0
38
87
65
50
38
48
91
32
88
98
12
61
75
43
77
46
54
92
45
31
81
51
78
58
42
40
86
85
81
57
33
24
71
79
38
35
13
1
58
46
77
72
28
71
73
46
16
70
26
88
43
0
37
47
93
13
40
6
78
51
59
94
97
69
45
16
39
10
52
23
37
75
41
99
34
79
33
66
3
60
85
26
32
84
75
8
0
8
87
23
66
62
94
22
24
6
62
36
72
9
43
66
86
13
40
54
88
29
95
11
38
57
44
13
59
64
0
12
96
46
15
54
16
17
15
33
32
28
16
99
86
57
34
44
89
72
78
23
16
29
98
73
21
37
66
99
4
42
55
34
40
68
80
16
54
19
0
15
50
2
97
95
8
79
42
71
80
61
3
0
61
31
66
24
99
47
33
98
39
75
89
35
86
17
50
77
19
34
37
41
25
93
83
55
73
29
39
86
37
64
67
82
31
28
23
53
60
43
68
54
77
68
53
42
15
50
41
5
39
89
68
78
38
16
55
98
63
64
15
74
12
8
38
1
38
54
62
11
94
62
58
69
76
27
0
55
50
2
72
92
54
80
52
90
85
80
61
17
18
53
60
30
79
17
47
16
66
74
3
75
91
44
5
53
30
14
32
74
61
42
1
13
85
42
66
22
78
0
41
0
80
2
18
98
16
45
28
81
48
17
16
0
68
24
35
20
70
31
92
64
49
37
27
14
58
1
16
21
80
49
59
38
22
77
16
22
39
97
31
18
10
25
52
78
32
63
54
72
40
20
69
0
81
52
25
85
47
92
34
83
27
74
86
72
77
12
62
75
89
47
2
80
22
71
16
77
16
64
84
5
92
31
14
70
90
15
60
47
83
67
94
4
49
60
56
35
16
89
29
79
70
79
11
58
39
0
6
97
52
76
10
53
10
70
64
91
44
5
76
11
62
74
15
41
88
67
56
12
99
50
84
73
30
60
19
86
65
58
94
55
63
70
12
18
95
59
29
9
14
30
94
14
12
9
98
69
97
38
45
14
74
65
80
14
92
79
78
30
32
23
23
34
6
7
38
85
29
16
44
31
62
99
64
89
45
12
65
36
47
5
17
12
45
97
24
72
45
75
24
83
97
57
1
59
25
98
40
50
6
68
18
30
93
4
70
66
89
55
88
75
15
5
78
41
88
81
64
18
21
5
9
1
90
14
4
45
3
76
81
29
85
10
6
76
10
84
34
13
93
98
46
25
77
94
25
2
84
71
65
52
27
41
13
71
1
80
74
64
69
72
59
41
66
72
85
99
43
8
59
44
60
93
95
70
24
23
86
91
51
22
23
66
32
9
60
91
57
1
80
88
23
31
1
63
38
5
46
38
28
91
93
13
62
24
12
26
49
65
13
39
7
57
96
9
35
20
9
31
86
0
80
53
4
73
34
23
91
48
29
50
55
9
27
5
27
75
96
98
3
51
46
52
59
